19233452.230000 3956792.230000 3.000000 6.931342 7.879461 6.508406 6.957509 6.510699 6.083200 -2715.672852 -3300.845215 -2973.881836 -2754.039307 -2317.781494 -1829.644043 525.639771
19236142.390000 3956951.610000 10.750000 5.349520 3.707166 4.000000 5.173998 5.613504 5.925275 -475.963562 -4497.025391 -5254.616211 -4373.090332 -3466.716797 -2604.853516 332.206635
19236052.440000 3959561.400000 7.875000 5.537219 4.304135 4.223372 3.954650 4.182706 4.265209 131.402252 -308.441895 528.528259 619.026306 564.375854 412.213196 240.053650
19209576.887893 3973250.010418 0.000000 9.786731 6.935963 2.775434 6.903575 7.235690 7.173848 -977.407532 -2254.721680 -1614.184570 -1854.186157 -2058.554443 -1804.817871 548.456787
19221240.155180 3960602.674383 2.749963 7.347278 5.020474 5.707104 6.323699 7.453700 8.124438 1059.295776 -2572.138428 -3379.852295 -2199.049316 -1395.387817 -1003.353333 594.139893
19216437.964542 3959700.924639 0.000000 8.170621 6.892339 6.310532 6.099607 5.788515 5.498751 -1024.290161 -173.334335 -5.069044 8.268649 -20.687679 -160.163513 520.580444
19207679.999995 3974569.942796 0.000000 6.649275 5.346661 2.792759 3.425392 3.752696 3.745392 -5078.929199 -5462.311523 -5221.599609 -3976.516846 -2826.461914 -1960.820801 385.355164
19214263.710000 3975243.160000 6.000000 6.445255 4.860587 7.111288 5.719588 6.268295 6.535808 -917.000000 -2506.078125 -3730.541504 -3271.375977 -2526.848877 -1847.192993 447.210724
19232964.080000 3960402.340000 11.750000 6.723292 6.009139 2.143253 4.886583 5.617970 5.661335 489.422577 545.329956 -729.144836 -2186.870117 -2464.340088 -2156.729492 397.999695
19232166.290000 3966668.890000 6.000000 5.277510 8.102654 7.199219 6.039728 6.756183 6.784981 1022.837891 -790.484741 -1434.718506 -2282.086914 -2318.173340 -1935.942139 442.176300
19223608.788962 3976590.878588 8.587636 4.052210 7.964631 4.000000 4.733092 4.900752 4.865382 -2285.808838 1424.735474 -54.359730 -548.904846 -769.436035 -756.186707 555.307190
19226992.920828 3969607.721760 0.931723 7.903321 9.356043 6.908381 5.909171 5.391635 5.358497 837.731567 -281.437500 -359.536285 -390.757019 -372.642731 -298.731476 442.043427
19221680.680000 3956094.880000 3.365000 8.844765 7.792784 6.099562 8.963979 9.931953 10.139155 -735.218201 -713.243774 -1084.074463 -1421.615601 -1484.690796 -1343.556030 694.118896
19233789.250000 3968855.410000 13.135000 4.417057 4.182040 2.121440 3.050802 3.262248 3.224478 -4618.329590 -3961.751709 -2424.533203 -1521.684204 -931.039917 -623.093689 201.584427
19226923.820000 3957871.490000 0.000000 9.252126 10.110022 10.868359 9.799675 8.461985 7.639492 -2283.412354 -4096.202148 -4842.196777 -4335.578613 -3452.470215 -2589.586670 583.126160
19224556.527394 3976520.570785 23.496187 2.770771 5.704304 8.000000 6.371691 5.075073 4.989228 -3241.406982 -53.335945 -1292.859985 -120.163315 -535.996948 -565.317261 402.373901
19211043.266492 3973448.605763 4.499928 5.761745 6.722479 7.347463 7.952150 8.004125 8.164124 -2374.194336 -3374.142334 -3187.667480 -2789.316162 -2319.325439 -1822.231079 544.310181
19223201.590000 3978229.050000 6.500000 3.658752 2.054982 4.000000 5.139321 5.037446 5.111830 -2857.573730 131.048538 -2291.247070 -1475.002441 -366.938599 -511.275452 434.951599
19212575.819542 3971054.086376 5.623673 10.549351 9.657779 10.000000 8.188397 7.726464 7.388398 -1189.746338 -1009.384155 -3333.921143 -3650.013428 -3251.044678 -2611.229248 539.466309
19223459.230000 3958014.420000 0.000000 3.444554 7.546009 6.000000 6.315490 6.073979 5.675511 -3599.018799 -1823.679688 -1483.146973 -1704.869507 -1540.776001 -1207.690430 601.354370
19224297.810000 3956584.250000 2.000000 10.240000 9.681379 10.000000 6.991575 6.251596 6.061586 -943.652039 -641.123169 -699.823792 -754.111084 -722.599243 -630.654053 620.319153
19213674.736218 3955445.058980 0.000000 4.281732 4.793329 4.582208 4.866658 5.139168 5.059168 -3727.406738 -6520.584961 -6339.006348 -4981.758789 -3720.991699 -2703.989258 465.082428
19207670.147778 3972419.336571 0.000000 4.000000 8.450629 8.000000 7.904319 7.814706 7.814706 554.713989 -968.747681 -3633.629883 -3536.951904 -2808.921875 -2064.163818 538.288147
19223542.735564 3960252.318662 9.760572 8.671193 5.436262 5.477634 5.151651 5.503142 5.802546 -3332.227539 -3691.184814 -5254.078125 -5152.674805 -4336.151855 -3364.395752 638.336609
19220801.969510 3977742.313682 9.588960 8.176821 5.652380 2.000000 5.699661 6.358994 6.518994 -609.640137 -2482.478760 -1081.169922 -2417.728516 -1714.580322 -1381.792725 483.831177
19233376.330000 3964459.994000 6.020000 6.716894 7.370172 2.663769 6.209713 7.110791 7.482198 -369.192535 465.361115 -1810.430664 -4278.872559 -4543.335938 -3860.945313 435.266174
19218972.990000 3975568.180000 4.750000 3.157034 3.352956 7.599728 8.171527 8.135022 8.023001 -2288.694336 -4015.986572 -2355.326660 -2771.114014 -2459.270752 -2135.997803 480.105652
19226465.060000 3959251.270000 0.000000 6.926356 3.994163 8.166971 7.770543 7.883849 8.023605 242.762756 -2392.497803 -4325.495605 -3969.357178 -3180.389648 -2372.311523 594.924316
19214607.930000 3958772.750000 0.000000 7.179968 9.568173 5.705112 5.079576 4.952351 5.395344 -2511.109131 -5764.728516 -4820.633301 -2675.510498 -1729.828857 -1144.702759 508.436768
19227815.961753 3972362.304234 6.499029 7.833914 4.025799 6.000000 6.762831 7.222695 6.916448 -3649.580078 1761.130981 1572.447754 219.380264 -244.864273 -330.112000 315.448761
19224070.730000 3957056.530000 6.875000 9.292529 10.829912 11.646088 8.557391 8.126357 8.021817 -2715.768555 -2499.522217 -1542.334595 -1123.701050 -1000.654358 -828.946045 599.371155
19225689.480000 3977628.480000 3.250000 2.115082 3.970226 4.000000 3.832635 3.731094 3.260874 -2338.688965 -2622.384033 -3395.159180 -2615.509033 -1816.297974 -1237.199341 195.898560
19228405.590000 3958797.740000 3.750000 5.446666 6.658475 9.234675 7.322964 7.575807 7.685289 -2448.097412 -1916.038452 -2923.388428 -2763.885498 -2292.517090 -1787.807007 611.150574
19212662.821455 3977757.588461 0.000000 7.106750 7.557811 2.000000 5.234948 5.319384 5.311146 -2495.327148 -2574.016357 -819.249207 -1028.903320 -994.491333 -758.787354 477.312164
19216061.298996 3976846.770050 1.374948 8.801789 4.001415 6.744310 7.036017 7.344911 7.339171 -383.147522 -193.916306 -2572.515137 -2571.163818 -707.570496 -666.621887 487.436676
19216271.978822 3970205.166127 0.000000 7.058295 10.403068 6.816935 7.938562 7.461101 7.254622 1531.723389 -2719.233643 -5842.986328 -6729.792480 -6145.034180 -4960.725586 641.499146
19235968.830000 3963899.300000 6.790000 5.943286 3.553632 3.913095 2.949993 4.261647 4.404292 -5854.090332 -718.310608 382.855408 -1158.292847 -1963.223022 -1946.405518 344.580902
19219552.100000 3957281.710000 4.625000 9.486816 5.166816 4.000000 4.184526 4.143859 4.114517 -3721.836426 -5216.176758 -5226.728516 -4215.837402 -3211.630859 -2370.847656 509.491760
19221741.500995 3963364.820659 4.070844 10.316713 6.572343 6.747201 7.290555 7.689664 8.029888 -2605.643311 -3858.676758 -7132.800293 -6554.215820 -5196.939941 -3875.135010 778.102051
19206822.770000 3978164.660000 5.031702 7.724299 7.064157 6.000000 5.446312 5.570621 5.252918 1320.147705 -5017.210938 1428.953735 525.490601 -1823.761963 -1280.339722 378.757874
19205434.339856 3972545.003105 0.000000 4.008746 4.593271 4.000000 4.528072 4.814801 5.154985 -1204.009521 -2771.235596 -3888.434814 -3408.810547 -2609.915771 -1882.220825 563.239624
19237438.700000 3958615.040000 6.625000 3.896875 6.917239 9.980398 7.382205 6.748288 6.674092 -1801.269409 1765.795166 -532.472961 -1407.548828 -1427.447998 -1199.095093 427.059662
19222735.026681 3968312.923830 4.815553 11.680494 6.787727 4.000000 6.019163 7.783583 7.982842 -181.635086 -1978.404785 -2897.645996 -2828.447998 -2784.051025 -2512.622559 632.281067
19217425.659244 3963465.078012 0.000000 7.180540 9.236734 6.619129 7.290981 7.872868 8.057633 368.179016 -764.491516 -1629.648315 -1762.342896 -1612.883301 -1296.168945 742.228210
19228191.430000 3968635.060000 4.375000 4.069116 4.790511 4.688579 5.415189 5.373278 5.214846 -2415.853271 -2996.226807 -4178.507324 -3903.928467 -3179.215820 -2358.973877 505.342712
19221057.074896 3973303.257960 1.873098 4.431277 5.755031 7.875755 6.460121 5.990060 5.834543 -6351.649414 -5296.608887 -4565.505859 -3370.936768 -2416.222900 -1716.204712 540.572021
19222418.131902 3973132.840301 13.121850 3.639338 4.016541 4.000000 7.173295 8.181536 8.445656 -5459.423828 -7244.964844 -6364.062500 -4709.813477 -3376.938232 -2393.364502 498.796875
19218300.101142 3961965.273346 4.124677 6.143872 9.599695 10.000000 9.310584 8.942840 8.862840 1475.914185 -135.170273 -2048.844971 -2653.218018 -2533.334229 -2095.018799 616.184082
19234031.910000 3957746.630000 5.000000 3.056770 3.215083 4.238747 5.174528 5.761603 5.903613 -2420.557861 -3455.521729 -2676.851807 -2814.770264 -2639.333252 -2207.072998 368.578186
19229205.860000 3964427.440000 8.125000 2.321109 6.013491 3.756382 3.405830 3.641865 4.368242 -3348.718262 -873.321533 -623.371094 -1276.079956 -1323.777710 -1117.757446 457.830505
19224594.560694 3974707.939520 9.872862 7.229752 7.973817 6.922345 5.917357 5.603570 5.130449 -2753.139160 -2540.407715 -1708.272583 -1223.725586 -1144.081909 -951.887634 370.234894
19224580.098852 3964908.297808 4.579219 7.496636 4.688131 4.000000 4.999576 5.267167 5.283430 -973.755005 -2477.219971 -4974.223145 -4616.459473 -3595.142090 -2609.654297 648.817200
19233855.460000 3956128.670000 1.250000 6.484812 7.002952 5.013451 4.957401 5.336509 5.529564 -1042.622314 -2453.595947 -1937.529053 -1628.340332 -1292.559204 -961.530151 421.522064
19223867.527817 3962105.232489 0.000000 9.101311 6.146740 6.699685 7.297395 7.533433 8.352981 -2305.580566 -3732.876953 -5399.508301 -4964.340332 -4079.368652 -3164.763916 711.527527
19226597.778114 3978921.978431 4.692411 2.211865 4.187450 4.223613 4.024031 2.804727 2.587659 -5938.437012 -4767.473633 -3631.757324 -2254.557861 -1398.163696 -880.278137 187.891708
19236929.480000 3961699.210000 4.260000 7.069762 5.667112 5.764739 7.246538 7.509606 7.149074 -4185.890137 698.348022 462.946381 -286.313446 -621.968872 -607.317261 382.011810
19217440.331332 3958049.860819 1.999946 9.020480 9.061788 6.620680 8.020797 7.844316 7.972557 -3678.822021 -3979.733887 -2562.016113 -2423.881104 -2133.240234 -1707.692261 576.968201
19215046.202984 3966828.413612 0.000000 10.824734 9.629489 4.559121 5.579839 5.978315 7.214396 -2541.988037 -3906.366211 -3595.550293 -3861.672119 -3636.802002 -3011.783203 652.570190
19230063.080000 3955526.770000 8.375000 9.196701 4.283574 4.000000 3.864943 3.522580 3.654263 -3274.570801 -4000.063232 -4553.571777 -3572.450439 -2494.055420 -1657.521362 514.055603
19228754.200000 3960359.900000 0.000000 6.383968 6.289921 4.000000 4.289100 4.309459 4.412571 -1790.240723 -3215.563232 -7958.975098 -9095.229492 -8077.826660 -6397.082520 540.495361
19234849.230000 3968550.270000 7.710000 2.000000 2.778582 4.000000 3.387020 3.365115 3.328241 -4648.771484 -5736.004883 -5328.802246 -4153.182617 -3071.105469 -2194.591797 154.365906
19230830.130000 3963185.830000 3.500000 7.159973 3.330118 2.000000 5.506045 7.198590 7.693090 2829.303467 1147.121216 -4786.678223 -5948.908203 -5205.709961 -3999.633789 453.055359
19226273.520000 3958806.410000 2.250000 5.875961 5.356235 5.595464 5.890701 6.262398 6.196217 -1051.545532 -1654.975342 -3128.721436 -2525.560059 -1759.287354 -1276.960327 579.107788
19209414.490000 3976164.640000 3.875000 7.235652 8.276833 10.000000 8.420683 5.526091 4.507955 495.582428 -4702.979980 -2024.581177 -1663.958374 -2414.264160 -1817.525024 671.087524
19205898.469180 3973933.919399 6.997143 4.000000 3.702595 3.258337 4.871100 5.390506 5.384623 -3967.351807 -4340.687012 -2984.029785 -2215.077881 -1673.799683 -1247.221436 578.960510
19234449.240000 3962248.024000 4.250000 5.386861 5.245806 4.300967 3.997916 3.441461 2.906694 1933.664673 3732.338623 3049.882568 1296.686035 310.879578 -95.354385 343.843719
19217442.811940 3969870.303267 3.874511 4.641192 7.721789 9.802981 8.619730 7.978952 7.418537 7.743057 -2288.933594 -2738.405762 -2891.444580 -2812.315674 -2413.374512 565.899780
19235234.230000 3966427.600000 11.960000 7.295809 3.730473 2.000000 2.822469 3.675767 4.631021 -3316.925781 -16.481386 -1340.431274 -2936.391113 -3211.304199 -2800.307129 345.015625
19226931.360000 3965149.750000 1.500000 8.336445 8.888770 10.227933 8.410448 8.110360 8.022554 -4009.111328 -3825.130371 -3844.574951 -2929.585938 -2155.840088 -1565.071289 608.637329
19221385.634306 3964886.668278 1.999959 6.018435 5.624599 8.130250 8.367386 8.300611 8.307271 -1780.423950 -2657.559814 -3012.059326 -3115.842041 -2648.361084 -2034.875977 737.421021
19219611.904832 3959386.830503 1.623985 10.334380 8.475121 8.000000 7.334220 7.745253 7.953686 -656.070984 -2812.688721 -3878.516602 -3920.221680 -3371.462891 -2651.268555 625.616333
19223897.556272 3973281.623149 0.000000 2.585469 4.005793 4.000000 4.197578 4.117579 4.117579 -3612.170166 -4311.740234 -6013.497559 -5622.044434 -4559.040527 -3454.887451 490.382965
19234051.240000 3959488.720000 10.625000 4.088071 5.948735 5.991861 5.007350 4.897219 4.803963 -1515.882690 -1189.965698 -55.507324 424.727875 443.843872 375.553741 325.293396
19231562.000000 3965380.000000 6.000000 6.478511 2.385245 6.000000 6.782217 6.995240 6.933579 -1873.334839 -613.246887 -3067.665039 -4599.177734 -4427.988770 -3612.606445 443.665588
19221393.308751 3970532.132426 7.622492 7.786996 10.052673 6.000000 6.137186 6.323993 6.457796 1351.309448 -1321.228882 -4002.882813 -3759.774170 -2917.379395 -2108.416748 579.264648
19219748.542262 3964623.824766 2.249914 11.771614 10.473803 10.000000 10.015726 9.837104 9.591997 -425.510254 -3452.179443 -5679.904297 -5097.655273 -3941.633545 -2845.767090 805.424927
19225145.300000 3963262.810000 13.125000 16.043320 7.306948 11.614130 10.005601 10.347029 10.004363 -1599.481567 -1244.317139 -1378.482544 -1665.968994 -1571.912598 -1272.010132 843.452087
19204335.140000 3976510.060000 0.000000 3.137805 6.328115 3.001641 4.254803 5.306078 5.122899 -1464.650757 -954.200623 107.345192 -479.117676 -504.089722 -515.933289 251.778885
19227705.169952 3976014.285446 4.999762 2.129180 2.571925 4.178939 4.522096 4.438767 4.166259 -6991.721191 -3886.298340 -1019.529297 -317.393707 -144.888458 -90.985626 243.706924
19229640.660000 3957043.560000 1.750000 8.152390 8.513472 10.156400 9.161822 9.088317 9.229782 -2093.611816 -1500.104004 -2247.166260 -2276.240967 -1906.759521 -1458.928467 671.094543
19221868.989746 3975471.730020 1.873583 2.430491 2.139673 4.000000 7.590831 8.000000 8.000000 -4295.639648 -5345.385254 -6535.861328 -6515.472168 -5578.798828 -4375.389160 465.287415
19232358.360000 3956370.450000 7.250000 4.290046 6.351158 7.965271 7.880319 7.431131 7.104473 -4212.660156 -4510.667480 -4774.907227 -4027.967773 -3045.764893 -2218.489990 421.407257
19215641.135520 3973834.903309 0.000000 6.338256 6.086086 6.000000 4.460946 4.430473 4.320000 -416.729004 -499.453400 -1732.728394 -1798.841797 -1449.597168 -1064.702759 552.743347
19225387.906199 3972597.338122 0.000000 6.141635 7.136589 3.984268 5.280544 5.176822 5.363335 -319.897919 288.578278 -30.908453 -511.280334 -606.118225 -511.720642 335.019836
19218152.012140 3966780.749957 14.374278 4.719357 6.087499 6.000000 6.143580 6.438985 6.908396 -104.124786 -1414.323853 -1721.958862 -951.156921 -483.711975 -449.895294 649.518127
19219859.864214 3961679.320830 0.000000 7.770249 11.510548 13.429607 8.469751 8.732060 8.754876 -95.470581 -2535.698975 -3186.585938 -2302.804932 -1797.225830 -1389.687622 659.730469
19204697.267486 3971394.667289 0.000000 2.744662 5.179194 4.000000 5.190460 6.176661 6.687151 -622.955811 -2965.693115 -4293.706055 -3657.893311 -2786.361084 -2059.382813 608.266113
19223384.880000 3960946.000000 5.625000 12.248513 8.066023 7.224887 8.559515 9.714056 9.864578 -2759.865234 -2851.766846 -2578.574219 -2093.995361 -1763.220581 -1400.592041 667.499146
19225556.250000 3968375.720000 10.125000 12.700339 13.366711 13.292557 9.955559 9.197495 9.296613 -4431.577148 -4554.336426 -2993.199219 -2064.969971 -1522.851929 -1170.707031 707.157654
19231501.120000 3960135.310000 10.750000 3.592172 6.613316 2.027540 5.265357 4.997934 5.246088 -2050.239502 276.800354 -36.561874 -1463.666260 -1917.136475 -1792.826294 401.138000
19220278.530785 3967012.189326 0.000000 6.985487 8.899510 10.606451 10.371869 10.217845 9.741696 -5508.718262 -5205.395508 -4647.869629 -4064.525635 -3344.650146 -2592.971680 674.366333
19225417.497101 3978314.619876 8.873311 2.406436 4.369034 3.238598 3.599058 2.891316 2.869283 -4714.397949 -4589.707520 -3730.818115 -2275.055420 -1315.914795 -786.070313 202.429443
19205478.193121 3969075.176728 0.000000 8.718391 6.063618 8.391956 6.501433 6.492437 6.454398 225.458099 -1601.372437 -2978.421875 -3120.896973 -2562.355225 -1899.602539 467.520782
19208068.909567 3970571.388655 1.499972 5.090294 5.613300 4.000000 4.420343 4.644902 6.060399 -1756.882080 -5107.145996 -4217.459473 -2267.452881 -1305.235962 -883.518921 512.365845
19226687.486971 3973375.419061 6.954869 5.636979 5.165812 3.753247 4.869553 5.213670 5.411098 -3083.844727 -1921.070679 -2134.568359 -1620.455078 -1107.249878 -824.161377 346.645599
19224733.560000 3958969.710000 0.000000 11.519917 9.736655 9.826713 6.672112 7.246407 7.303311 -1807.796143 -3279.528809 -2547.083008 -2215.367432 -2051.770508 -1704.486572 656.599182
19213606.691879 3972008.871968 0.000000 6.702496 5.928142 4.120668 5.164196 4.949842 4.960251 -2428.084717 -3626.112061 -3910.265869 -3130.606934 -2386.735352 -1760.649658 547.003174
19227371.170000 3959780.580000 0.000000 6.175632 3.753865 4.000000 5.296818 6.055735 6.320458 -2144.559570 -2226.431641 -4182.361328 -4270.368164 -3855.679688 -3141.998779 538.359070
19236196.390000 3962724.940000 16.000000 6.274666 5.414932 6.032890 6.122916 4.890189 4.687023 -2806.520508 1028.185669 302.994629 -843.613586 -1449.548218 -1485.464722 354.729370
19229704.640000 3967296.320000 12.250000 4.613701 3.827298 4.292905 4.382854 4.817614 5.069251 243.200668 -866.152710 -1393.446411 -1425.754028 -1408.344238 -1222.478760 395.584595
19228647.570000 3962491.460000 8.875000 6.359168 4.245303 7.930575 7.626933 7.171092 7.167892 938.033081 -2267.466797 -3744.254883 -3190.859131 -2479.599854 -1822.109741 510.444244
19224873.344140 3966534.840154 2.499828 11.118464 10.826610 7.773956 6.288947 6.170393 6.049634 -3797.182617 -2772.623779 -2490.342529 -2442.724854 -2121.200439 -1677.347412 791.759949
19223629.860246 3967603.267652 4.624734 7.224295 3.636112 4.000000 6.111561 6.429211 6.577100 -51.759430 -1057.942383 -1705.733521 -1485.396729 -1344.758179 -1132.820801 575.923584
19236532.170000 3958055.030000 15.000000 5.936081 4.166749 6.207386 3.680121 3.612059 3.213300 550.723633 -1048.979248 -1122.790283 -1723.279907 -1670.849121 -1375.103149 310.359344
19224288.926561 3962398.077982 0.000000 6.471110 6.712335 6.000000 5.722704 5.892071 6.045744 -2200.667969 -4104.910645 -5706.250000 -4612.979980 -3349.892334 -2363.950195 632.805542
